Cindy Arnold 62.5 25 45 20 12 26 15 24 45 14 10 22 30 26 30 25 45 20 12 22 60
Tyler Christian 73 23 200 24 170 9 40 6 15 5 20 17 15 20 16
Bart Stevenson 69.6 25 120 25 120 25 150 25 120 25 150
Aeriel Whitehead 64 25 50 23 15 25 33 14 22 25 32 23 20 3 53 25 32 23 20 25 33 23 15
Donna Walker 63 9 120 23 30 24 78 23 77 24 70 23 68 24 70 23 63 25 15 25 15
Jacob Babjac 78 25 90 25 60 25 60 25 90 25 60 25 60 22 120 22 120 1 30 2 45 4 60 21 60 8 240 5 120 24 30
Carlos Gonzalez 71 9 86 23 98 5 120 20 6 17 45
Nathaniel Sheets 70 18 600
Alex Glaza 76 7 540 8 120 17 180 20 30 23 300 15 60
David Hodge 74 25 30 14 30 25 30 25 30 23 30
Adam McDaniel 69 17 60 5 45 14 30 25 20 14 30 25 20 14 30 25 20 14 30 25 20 14 30 25 20 9 30
David Lau 71 9 60 14 155 17 93 20 15 23 227 25 45
Chandler Brooks 70 23 30 24 20 24 15 23 20 24 10 24 20 23 10
Bradley Walker 73 4 50 5 20 9 45 14 30 23 2700 25 60
Nicole Cooksey 64.8 23 25 24 22 23 36 5 120 23 66 24 16 25 20 9 40 23 18 24 47 23 20 23 14 23 36 25 20 23 26 23 16 24 15 24 27 23 22 24 19 23 12 9 30
Benjamin Landis 77 1 60 2 60 5 120 9 50 17 35 18 90 23 300
Dohyun Kim 70.8 9 30 24 30 9 30 24 30 9 40 24 45 9 30 20 30 9 25 10 120 10 180 10 180 9 30 20 30
David Rose-Franklin 68.4 17 15 20 60 25 90 9 30 23 20
Beau Sellers 72 0 900 4 180 5 420 13 60 14 60 15 30 24 30 25 360
Allen Chisholm 72 24 45 24 60 24 45 24 90 24 60 24 45 24 60 24 60 24 90 24 60
Jared Grayson 66 5 12 9 20 14 4 15 2 17 30 23 45 5 21 5 10 23 50 17 10 15 6 23 19 15 12 9 12 17 24 6 2 18 45
Alex Voekel 69.8 8 80 9 120 10 180 17 90 20 20 23 20 24 30
August Schoenherr 74 23 45 17 35 20 150
Sharif  Zahra 70 25 35 14 120 2 20
Parker Witt 66 24 90 8 60 5 90 9 60 25 45
Jason Hills 72 6 120 8 180 9 60 13 300 25 90 23 180
Devin  Munsey 74 24 80 22 30 15 15 20 10 25 20 9 15 5 25
Joshua Middlebrook 71.5 23 100 25 60 0 20 9 15
Benjamin  Moshe 75 9 60 1 30 3 55 18 30 9 105 25 30 23 345 9 330 14 30 18 120
Jacob Page 72 21 120 21 120 21 120 25 30 14 15 21 120 21 120 21 150 16 35
Tim Beauchamp 77 5 60 9 45 20 15 23 240 25 120
Jimmy Neville 79 25 180 20 24 5 30 8 60 9 30 10 20 17 20 24 270
Chris Pride 74 23 240 0 60 23 240 0 60 23 240 0 60 23 240 0 60 23 240 0 60 20 5 9 40 5 90
Brittany Mayfield 67.5 5 30 14 35 23 20 17 60 9 50 5 45 14 40 20 15 9 50